   1  64   1   0  0.2003223E+02  0.3000000E+03
  CAR 
 unknown system                          
   0   0   0
   1   1
 256 256 256
 256
  0.1000000E-09
  0.6250000E-11
   1
  0.1000000E-14  0.1086350E-08  0.1086350E-08  0.1086350E-08
  0.2998596E+03  0.3022826E+03
  0.000
  0.000
  0.000
  0.000
  0.000
  0.000
  0.000
  0.000
  0.000
  0.000
  0.000
  0.000
  0.000
  0.000
  0.000
  0.000
  0.000
  0.000
  0.000
  0.000
  0.000
  0.000
  0.000
  0.000
  0.000
  0.000
  0.000
  0.000
  0.000
  0.000
  0.000
  0.000
  0.003
  0.090
  0.748
  2.372
  3.876
  3.851
  2.915
  1.815
  1.077
  0.629
  0.332
  0.197
  0.120
  0.081
  0.052
  0.042
  0.054
  0.066
  0.078
  0.091
  0.143
  0.227
  0.347
  0.530
  0.795
  1.179
  1.611
  2.037
  2.399
  2.576
  2.474
  2.197
  1.863
  1.585
  1.370
  1.273
  1.257
  1.321
  1.419
  1.510
  1.468
  1.318
  1.190
  1.032
  0.842
  0.659
  0.501
  0.396
  0.348
  0.334
  0.361
  0.403
  0.473
  0.530
  0.597
  0.653
  0.705
  0.762
  0.827
  0.941
  1.019
  1.069
  1.061
  0.996
  0.917
  0.823
  0.749
  0.689
  0.725
  0.832
  0.991
  1.192
  1.409
  1.596
  1.710
  1.720
  1.654
  1.558
  1.417
  1.295
  1.173
  1.046
  0.926
  0.819
  0.730
  0.692
  0.674
  0.698
  0.772
  0.861
  0.976
  1.062
  1.103
  1.124
  1.151
  1.162
  1.172
  1.109
  1.067
  1.017
  0.991
  0.997
  1.022
  1.067
  1.105
  1.139
  1.101
  1.039
  0.950
  0.854
  0.758
  0.644
  0.571
  0.515
  0.481
  0.483
  0.519
  0.589
  0.677
  0.759
  0.849
  0.937
  0.999
  1.056
  1.108
  1.182
  1.267
  1.397
  1.549
  1.686
  1.781
  1.796
  1.745
  1.635
  1.494
  1.321
  1.120
  0.935
  0.767
  0.621
  0.514
  0.435
  0.399
  0.392
  0.409
  0.453
  0.518
  0.609
  0.724
  0.848
  0.989
  1.104
  1.179
  1.187
  1.156
  1.108
  1.045
  0.978
  0.944
  0.950
  0.978
  1.016
  1.060
  1.092
  1.100
  1.093
  1.058
  1.018
  0.976
  0.935
  0.916
  0.898
  0.872
  0.849
  0.826
  0.807
  0.795
  0.800
  0.832
  0.892
  0.975
  1.053
  1.133
  1.198
  1.267
  1.333
  1.404
  1.482
  1.535
  1.558
  1.499
  1.385
  1.243
  1.081
  0.922
  0.786
  0.686
  0.621
  0.587
  0.591
  0.634
  0.689
  0.752
  0.826
  0.884
  0.937
  0.938
  0.903
  0.851
  0.791
  0.740
  0.723
  0.739
  0.786
  0.845
  0.926
  1.007
  1.070
  1.124
  1.160
  1.186
  1.172
  1.132
  1.077
